swagger-ui: 1.03 MB (23.8%)
brace: 737.16 KB (16.6%)
lodash: 705.67 KB (15.9%)
yaml-js: 193.21 KB (4.36%)
core-js-pure: 155.13 KB (3.50%)
immutable: 139.01 KB (3.13%)
js-yaml: 104.53 KB (2.36%)
uri-js: 55.96 KB (1.26%)
react: 54.19 KB (1.22%)
inline-style-prefixer: 53.31 KB (1.20%)
lodash.isequal: 48.44 KB (1.09%)
buffer: 47.45 KB (1.07%)
@babel/runtime-corejs3: 46.11 KB (1.04%)
  regenerator-runtime: 24.01 KB (52.1%)
  <self>: 22.1 KB (47.9%)
json-refs: 43.47 KB (0.980%)
superagent: 41.5 KB (0.936%)
react-style-proptype: 31.98 KB (0.721%)
create-react-class: 31.29 KB (0.706%)
prop-types: 30.77 KB (0.694%)
  react-is: 2.69 KB (8.73%)
  <self>: 28.08 KB (91.3%)
graphlib: 27.96 KB (0.630%)
util: 19.13 KB (0.431%)
bowser: 18.6 KB (0.419%)
react-ace: 15.16 KB (0.342%)
react-immutable-proptypes: 11.82 KB (0.267%)
path-loader: 11.42 KB (0.258%)
querystring-browser: 10.67 KB (0.241%)
traverse: 8.72 KB (0.197%)
path-browserify: 8.54 KB (0.192%)
native-promise-only: 7.92 KB (0.179%)
attr-accept: 6.79 KB (0.153%)
setimmediate: 6.32 KB (0.143%)
process: 5.29 KB (0.119%)
querystring-es3: 5.06 KB (0.114%)
fbjs: 4.58 KB (0.103%)
deepmerge: 3.94 KB (0.0888%)
base64-js: 3.85 KB (0.0868%)
component-emitter: 3.11 KB (0.0700%)
object-assign: 2.06 KB (0.0464%)
ieee754: 2.02 KB (0.0454%)
timers-browserify: 1.97 KB (0.0445%)
promise-worker: 1.61 KB (0.0364%)
webpack: 1.03 KB (0.0232%)
worker-loader: 900 B (0.0198%)
css-in-js-utils: 759 B (0.0167%)
w3c-blob: 684 B (0.0151%)
inherits: 672 B (0.0148%)
hyphenate-style-name: 339 B (0.00746%)
slash: 289 B (0.00636%)
isarray: 132 B (0.00291%)
<self>: 670.54 KB (15.1%)
